question 2:
Test #, tiles removed, time
default heuristic
# 0 , 28429,  26,  271.1053810119629
# 1 , 6441,  22,  10.368062257766724
# 2 , 2474,  20,  1.5520546436309814
# 3 , 5199,  22,  6.599485635757446
# 4 , 13000,  24,  44.934030055999756
# 5 , 5140,  22,  7.747474431991577
# 6 , 159,  14,  0.01466679573059082
# 7 , 27827,  26,  299.05859875679016
# 8 , 3630,  20,  3.7127840518951416
# 9 , 12410,  24,  87.11849594116211
 
manhattan heuristic
# 0 , 2562,  26,  3.1468617916107178
 
max of manhattan and misplaced heuristic
# 0 , 5165,  26,  13.928386926651001
# 1 , 1245,  22,  0.7252357006072998
# 2 , 530,  20,  0.1802358627319336
# 3 , 725,  22,  0.2336282730102539
# 4 , 1993,  24,  1.8941690921783447
# 5 , 561,  22,  0.16391372680664062
# 6 , 53,  14,  0.003954172134399414
# 7 , 3925,  26,  7.9395506381988525
# 8 , 885,  20,  0.38059544563293457
# 9 , 1240,  24,  0.6523816585540771
question three
default heuristic
# 0 , 479,  20,  0.059195756912231445
# 1 , 325,  18,  0.03110671043395996
# 2 , 323,  18,  0.03319430351257324
# 3 , 164,  16,  0.011641263961791992
# 4 , 136,  16,  0.012126684188842773
# 5 , 88,  14,  0.008761882781982422
# 6 , 64,  12,  0.0035288333892822266
# 7 , 173,  16,  0.019873380661010742
# 8 , 78,  14,  0.004014253616333008
# 9 , 41,  12,  0.004548549652099609
 
 
manhattan heuristic
# 0 , 180,  20,  0.02005314826965332
# 1 , 100,  18,  0.009954690933227539
# 2 , 115,  18,  0.011761903762817383
# 3 , 42,  16,  0.004115104675292969
# 4 , 68,  16,  0.004324197769165039
# 5 , 30,  14,  0.0019845962524414062
# 6 , 12,  12,  0.0005121231079101562
# 7 , 68,  16,  0.004884958267211914
# 8 , 14,  14,  0.0003676414489746094
# 9 , 12,  12,  0.0005190372467041016
 
 
max of manhattan and misplaced heuristic
# 0 , 295,  20,  0.03734850883483887
# 1 , 171,  18,  0.017258167266845703
# 2 , 188,  18,  0.028160572052001953
# 3 , 57,  16,  0.006942033767700195
# 4 , 96,  16,  0.01184225082397461
# 5 , 33,  14,  0.0029039382934570312
# 6 , 23,  12,  0.003639698028564453
# 7 , 94,  16,  0.00816655158996582
# 8 , 34,  14,  0.005381345748901367
# 9 , 16,  12,  0.0016286373138427734